Debug R
Matrix:
1.0000	0.0000	0.0000	0.0000	
0.0000	0.0000	1.0000	0.0000	
0.0000	-1.0000	0.0000	0.0000	
0.0000	0.0000	0.0000	1.0000	
Debug R
Matrix:
1.0000	0.0000	0.0000	0.0000	
0.0000	-1.0000	0.0000	0.0000	
0.0000	-0.0000	-1.0000	0.0000	
0.0000	0.0000	0.0000	1.0000	
Debug R
Matrix:
1.0000	0.0000	0.0000	0.0000	
0.0000	-0.0000	-1.0000	0.0000	
0.0000	1.0000	-0.0000	0.0000	
0.0000	0.0000	0.0000	1.0000	
Debug R
Matrix:
0.0000	0.0000	-1.0000	0.0000	
0.0000	1.0000	0.0000	0.0000	
1.0000	0.0000	0.0000	0.0000	
0.0000	0.0000	0.0000	1.0000	
Debug R
Matrix:
-0.0000	0.0000	1.0000	0.0000	
0.0000	1.0000	0.0000	0.0000	
-1.0000	0.0000	-0.0000	0.0000	
0.0000	0.0000	0.0000	1.0000	
