-0.0027969 -0.1713780 0.9484826
0.0014650 -0.3170067 0.9676077
-0.0012209 -0.5267814 0.9763735

-0.0027969 -0.1713780 0.9484826
-0.0053369 -0.4722944 0.9638510
-0.0012209 -0.5267814 0.9763735

0.0014650 -0.3170067 0.9676077
0.0004186 -0.0227773 0.9826347
-0.0014650 -0.2168870 0.9873306

0.0014650 -0.3170067 0.9676077
-0.0012209 -0.5267814 0.9763735
-0.0014650 -0.2168870 0.9873306

0.0004186 -0.0227773 0.9826347
-0.0025853 0.1406835 0.9737953
-0.0043951 -0.1167673 0.9807563

0.0004186 -0.0227773 0.9826347
-0.0014650 -0.2168870 0.9873306
-0.0043951 -0.1167673 0.9807563

-0.0025853 0.1406835 0.9737953
-0.0027969 -0.1713780 0.9484826
-0.0053369 -0.4722944 0.9638510

-0.0025853 0.1406835 0.9737953
-0.0043951 -0.1167673 0.9807563
-0.0053369 -0.4722944 0.9638510

-0.0025853 0.1406835 0.9737953
0.0004186 -0.0227773 0.9826347
0.0014650 -0.3170067 0.9676077

-0.0025853 0.1406835 0.9737953
-0.0027969 -0.1713780 0.9484826
0.0014650 -0.3170067 0.9676077

-0.0053369 -0.4722944 0.9638510
-0.0012209 -0.5267814 0.9763735
-0.0014650 -0.2168870 0.9873306

-0.0053369 -0.4722944 0.9638510
-0.0043951 -0.1167673 0.9807563
-0.0014650 -0.2168870 0.9873306

-0.0042193 -0.3398912 0.9570889
0.0000000 -0.4314293 0.9723890
0.0007578 0.0814994 0.9657942

-0.0042193 -0.3398912 0.9570889
-0.0035636 0.0015209 0.9775580
0.0007578 0.0814994 0.9657942

0.0000000 -0.4314293 0.9723890
-0.0005860 -0.1263025 0.9851392
0.0007578 0.0814994 0.9657942

-0.0035636 0.0015209 0.9775580
-0.0005860 -0.1263025 0.9851392
0.0007578 0.0814994 0.9657942

